public class TrainingProperties {
    public static final int POPULATION_SIZE = 5000;
    public static final int NR_BENCHMARK_GAMES = 300;
    public static final int NR_FITNESS_GAMES = 300;
    public static final int NR_GENERATIONS = 1000;

    public static final double ELITIST_SHARE = 0.05;
    public static final int TOURNAMENT_SIZE = 20;

    public static final double GENOME_MUTATION_PROBABILITY = 0.5;
    public static final double GEN_MUTATION_PROBABILITY = 0.15;
    public static final int MUTATION_RANGE = 5;
}
-> minmax depth : 1
-> major and minor threats ignored
-> fixed win evaluation
-> posScore 1/-1


1 | AAABAAAAAAAAAAAAAAAA/gAEBAAE/P4ABwAAAAAAAAAAAAAAAAAAAAAAAAD//QAAAPsA | 300 | 242 | 40 | 0,858156 | 0,060000 | 300 | 241 | 39 | 0,860714 | 0,066667 | 300 | 84 | 172 | 0,328125 | 0,146667;
2 | AAAAAAAABAD/AAAEAP/7AAIAAwAAAAAAAAMBAAAAAAABAAAAAAAAAAD9AAD7//sAAAD8 | 300 | 238 | 36 | 0,868613 | 0,086667 | 300 | 257 | 24 | 0,914591 | 0,063333 | 300 | 165 | 112 | 0,595668 | 0,076667;
3 | AAAAAAEABfv//gACAAD9/wAB+wAAAPwBAAQAAQAAAAIAAAAAAAAAAAAA+gAA/vkAAQH9 | 300 | 256 | 28 | 0,901408 | 0,053333 | 300 | 263 | 27 | 0,906897 | 0,033333 | 300 | 215 | 79 | 0,731293 | 0,020000;
4 | APoA/AAFAwD9AP0CAAD6AP4AAAT8A/wAAAMAAPsCAAACAgIA+/wAAAEA/AD7APz/AP0A | 300 | 237 | 49 | 0,828671 | 0,046667 | 300 | 248 | 41 | 0,858131 | 0,036667 | 300 | 168 | 113 | 0,597865 | 0,063333;
5 | AAAAAAEACPv//v0CAPv9/wAB+wAA//wBAAgAAf8ABAMBAAAABPwEAQD9AAD3//j//vwA | 300 | 233 | 59 | 0,797945 | 0,026667 | 300 | 237 | 49 | 0,828671 | 0,046667 | 300 | 90 | 120 | 0,428571 | 0,300000;
6 | BwAA+gAA/wD+/QADAAD9/gADAQAEA/wA/AMAAPsBAAADAgYAAAD9AAD+/PsDAP73/vv8 | 300 | 216 | 28 | 0,885246 | 0,186667 | 300 | 205 | 36 | 0,850622 | 0,196667 | 300 | 139 | 87 | 0,615044 | 0,246667;
7 | AAAEAAAAAAD//wAIAPz+/v8EAAAA//wAAAMA/P7/BAABAAAA/wAAAAD/AAAAA//9AAAH | 300 | 236 | 28 | 0,893939 | 0,120000 | 300 | 237 | 29 | 0,890977 | 0,113333 | 300 | 144 | 72 | 0,666667 | 0,280000;
8 | AAAA+/4B+gD++wAD+/39AAQCAPf/+wj7AQAAAP8A/wEBBQAAAAABAAD6AAD7+vsA/QAA | 300 | 264 | 18 | 0,936170 | 0,060000 | 300 | 266 | 19 | 0,933333 | 0,050000 | 300 | 54 | 167 | 0,244344 | 0,263333;
9 | AAAA+/4B+gD++wAD+/39AAQCAPf/+wj7AQAAAP8A/wEBBQIAAvwDAAD8BAL7/fz8+wAA | 300 | 251 | 25 | 0,909420 | 0,080000 | 300 | 253 | 21 | 0,923358 | 0,086667 | 300 | 53 | 164 | 0,244240 | 0,276667;
10 | AgAE/f4AAPz5AQEE//L+/Pn+A/8B+QMC/wUD/PkE/QACAgIA+/8AAP/+/gL8/P32/vv8 | 300 | 239 | 45 | 0,841549 | 0,053333 | 300 | 235 | 49 | 0,827465 | 0,053333 | 300 | 210 | 88 | 0,704698 | 0,006667;
11 | BwAA+AAAAAD7/QAB/P7/AAEA9AL8+wAAAAMB//sEAAQCAv0A+/wAAP/+/v76/P38+P0D | 300 | 262 | 31 | 0,894198 | 0,023333 | 300 | 263 | 27 | 0,906897 | 0,033333 | 300 | 203 | 68 | 0,749077 | 0,096667;
12 | AAAA9QAABAD7/QAB/P7/AAEA9AL8+/cAAAMB//sEBAQCAv0A+/wAAP/+/v76/P38+PoD | 300 | 252 | 37 | 0,871972 | 0,036667 | 300 | 252 | 33 | 0,884211 | 0,050000 | 300 | 241 | 32 | 0,882784 | 0,090000;
13 | AAAA9QAABAD7/QAB/P7/AAEA9AL8+/cAAAMB//sEBAQCAv0A+/wAAP/+/v76/P38+PoD | 300 | 249 | 40 | 0,861592 | 0,036667 | 300 | 255 | 35 | 0,879310 | 0,033333 | 300 | 221 | 42 | 0,840304 | 0,123333;
14 | BwAA+AAAAAD7/fsE/P78AP0B+wX8+/4FAAcB+v8A/wEBBAAAAAABAAD1/v76/P38+P0D | 300 | 258 | 33 | 0,886598 | 0,030000 | 300 | 255 | 35 | 0,879310 | 0,033333 | 300 | 159 | 102 | 0,609195 | 0,130000;
15 | /gEB+wD0AP7z/wEE//D+/Pf+AwIB/gb+/wQF/vsEAAQCAv0A+/cAAP/+Av76/f388/0D | 300 | 234 | 53 | 0,815331 | 0,043333 | 300 | 228 | 61 | 0,788927 | 0,036667 | 300 | 205 | 93 | 0,687919 | 0,006667;
16 | AAAA/AUAAPz5AQIE//YB/PYAAwIA/gAAAAMB//sEAAQE/v8A/PkAAv/+Af76/P38+v39 | 300 | 234 | 58 | 0,801370 | 0,026667 | 300 | 233 | 56 | 0,806228 | 0,036667 | 300 | 196 | 95 | 0,673540 | 0,030000;
17 | BwACAP4C/v76/voAAPT6+vAA9wX5APsAAAL/Af8ABAMBAAIAAAAA/wQB/ADx/fv8/fj7 | 300 | 255 | 39 | 0,867347 | 0,020000 | 300 | 252 | 39 | 0,865979 | 0,030000 | 300 | 127 | 71 | 0,641414 | 0,340000;
18 | +/3+/QAE+f76/vcBAPT6+vAA9AX7APsAAAL/Af8ABAIBAAIAAAUDAP/+AgT8+Pn89/b9 | 300 | 246 | 41 | 0,857143 | 0,043333 | 300 | 258 | 38 | 0,871622 | 0,013333 | 300 | 182 | 62 | 0,745902 | 0,186667;
19 | BgAB+wD0APv3/wAB/P37/O8B9wX8/vsAAAL6+v8ABAcBAf4D/fwAAP/+/Pv7/Pn8/f0A | 300 | 225 | 70 | 0,762712 | 0,016667 | 300 | 231 | 65 | 0,780405 | 0,013333 | 300 | 213 | 23 | 0,902542 | 0,213333;
20 | BwAA+AABAPz5Af8B/P7//AD+A/79/AYAAP4B/AAEBgACAAID+PoAAP/+/v76/v38+P0B | 300 | 246 | 22 | 0,917910 | 0,106667 | 300 | 239 | 40 | 0,856631 | 0,070000 | 300 | 195 | 96 | 0,670103 | 0,030000;
21 | +wIC/gH49AT7+gAF/Pv/AAP9+/wF+QYEAAUD/voNB/sCBgoC+fwAAgn+/P/7/P38/P3+ | 300 | 252 | 21 | 0,923077 | 0,090000 | 300 | 252 | 26 | 0,906475 | 0,073333 | 300 | 79 | 102 | 0,436464 | 0,396667;
22 | AgACAP4C+f78/vr7APT6+v4D/wEC+/cA+gED+/kH/gACAAID+PoAAP/+/v76/v38+P0B | 300 | 246 | 40 | 0,860140 | 0,046667 | 300 | 241 | 33 | 0,879562 | 0,086667 | 300 | 150 | 132 | 0,531915 | 0,060000;
23 | +AAF/gL39/z79gAGAPT6+v4D/wEC+/cA+gED+/cH/gACBQL7/f0AAAEA/AH/9/7y/vz8 | 300 | 267 | 16 | 0,943463 | 0,056667 | 300 | 251 | 15 | 0,943609 | 0,113333 | 300 | 181 | 59 | 0,754167 | 0,200000;
24 | A/78/wAA+wP7/PcBAPT6+v4D/wEC+/cA+gED+/kH/gACBQIA/f0AAAEA/AX5/P36+/n/ | 300 | 262 | 19 | 0,932384 | 0,063333 | 300 | 268 | 13 | 0,953737 | 0,063333 | 300 | 97 | 94 | 0,507853 | 0,363333;
25 | /v/59wAE9v799fcBAO/6/AL+AQEC+/cA+gED+/kH/vwCAAUB//gAAP/9Av76/P37APr8 | 300 | 252 | 7 | 0,972973 | 0,136667 | 300 | 234 | 17 | 0,932271 | 0,163333 | 300 | 171 | 63 | 0,730769 | 0,220000;
26 | /v/59wAE9v799fcBAO/6/AL+AQEC+/cA+gED+/kH/vwCAAUB//gAA//9/v76/P32APr8 | 300 | 236 | 14 | 0,944000 | 0,166667 | 300 | 244 | 7 | 0,972112 | 0,163333 | 300 | 171 | 66 | 0,721519 | 0,210000;
27 | APcCBf799f75/PoE/vb7+gEC/wEF+/kAAAX4+/n7A/4DAgUBAvwEA//+/v76AP32APb7 | 300 | 239 | 9 | 0,963710 | 0,173333 | 300 | 249 | 12 | 0,954023 | 0,130000 | 300 | 105 | 58 | 0,644172 | 0,456667;
28 | +gAC+QAGA/n3//YFAPj6/AH8A/4B9vz7AAAF/vz//f0HBfwCAPz8APr8/gj5+Pr4+/n9 | 300 | 243 | 38 | 0,864769 | 0,063333 | 300 | 245 | 36 | 0,871886 | 0,063333 | 300 | 229 | 70 | 0,765886 | 0,003333;
29 | /fwC+QAE8wH5/voAAPT7+gH8A/4B9vz7AAAF/vz//f0HBfwCAPz8APr8/gj2+vj6+/kA | 300 | 247 | 36 | 0,872792 | 0,056667 | 300 | 246 | 40 | 0,860140 | 0,046667 | 300 | 229 | 53 | 0,812057 | 0,060000;
30 | +/z8/wAGA/v3//YFAPz3+QH8Bfj/8/7+AAAF/v738P0HAQIA+f0ABPsC9v/88wL7/vv+ | 300 | 235 | 41 | 0,851449 | 0,080000 | 300 | 235 | 39 | 0,857664 | 0,086667 | 300 | 93 | 150 | 0,382716 | 0,190000;
31 | A/4CBf799f75/P///vT9+QX8BfoB9vn+AAAF/vz/AwADAAUBAAAAA/r+/QL6+v/3/QQA | 300 | 240 | 31 | 0,885609 | 0,096667 | 300 | 236 | 28 | 0,893939 | 0,120000 | 300 | 82 | 178 | 0,315385 | 0,133333;
32 | AgAB/v8C8vz5APoEAPb7+gEE/P4C+fUAAAb7+PoA/wAEAvwAAPv8/Pz8/v74+Pr4+/n9 | 300 | 254 | 35 | 0,878893 | 0,036667 | 300 | 256 | 29 | 0,898246 | 0,050000 | 300 | 77 | 221 | 0,258389 | 0,006667;
33 | /vwCA/8C8v75APoEAPb7+gEE/P4C+fUAAAb7+PoC/gACBQIA+f38AAEA/Pf6+fv3/P0C | 300 | 252 | 32 | 0,887324 | 0,053333 | 300 | 259 | 31 | 0,893103 | 0,033333 | 300 | 77 | 192 | 0,286245 | 0,103333;
34 | /fwC/gH69QH3+AEG9vP6+P8F/wAC+/cAAAQD/vr/AQACAgUBAPv8BP32/Aj5+fv4//n8 | 300 | 282 | 6 | 0,979167 | 0,040000 | 300 | 286 | 8 | 0,972789 | 0,020000 | 300 | 5 | 81 | 0,058140 | 0,713333;
35 | /fwC/gH69QH3Avj6+ev79wH8B/4B9vz7AAAJ/vz//f8HBfwCBPz8APj+/wjx9fr4+/n9 | 300 | 236 | 48 | 0,830986 | 0,053333 | 300 | 219 | 64 | 0,773852 | 0,056667 | 300 | 81 | 167 | 0,326613 | 0,173333;
36 | AQAC/wAE9f788QEF//T++QX8CPr/9vz+AgAF/vr9CAIDAPwCAAAAA/r+/QL69/38+Pn8 | 300 | 273 | 12 | 0,957895 | 0,050000 | 300 | 268 | 17 | 0,940351 | 0,050000 | 300 | 212 | 88 | 0,706667 | 0,000000;
37 | 9QMCAfv99f739AAE//L6+P8F/wAB9vz7AAAH+fz//QQHBfkCBPz8APr29wP58/r4+/n+ | 300 | 242 | 31 | 0,886447 | 0,090000 | 300 | 243 | 28 | 0,896679 | 0,096667 | 300 | 208 | 92 | 0,693333 | 0,000000;
38 | /fwC+gEA9/788QAF/fT6+f/8Bfr/9vz+Av0F/vn//QQHBfkCBPz8APr3/vP39/v29/UA | 300 | 264 | 22 | 0,923077 | 0,046667 | 300 | 265 | 24 | 0,916955 | 0,036667 | 300 | 215 | 85 | 0,716667 | 0,000000;
39 | A/wA//oB9f788QAF/fT3+f3+Bfr/9vf+AgEC/voCAQQA/gEB/vf89/z3/vXz+Pr4+/kA | 300 | 271 | 14 | 0,950877 | 0,050000 | 300 | 277 | 14 | 0,951890 | 0,030000 | 300 | 155 | 112 | 0,580524 | 0,110000;
40 | A/oCAwIB8/78AP4A+fb28AEB/AAB+/b7/gj89Pb8A/4IDwP/Avz+BPz9/Ab48fv4+/T6 | 300 | 257 | 18 | 0,934545 | 0,083333 | 300 | 248 | 24 | 0,911765 | 0,093333 | 300 | 110 | 35 | 0,758621 | 0,516667;
41 | /ff/+wT58vn2APgCAOr69vz6B/oF9fj5CAAA/vr/AQACBQIBA/X7APr3/vP39/b29/UE | 300 | 271 | 21 | 0,928082 | 0,026667 | 300 | 272 | 23 | 0,922034 | 0,016667 | 300 | 72 | 193 | 0,271698 | 0,116667;
42 | AgD+/v8G+Pn96fwCAPT69QD8Bf4A9vn7AAMFAvr9CAAG/gUB/Pb3/Pz3/vL2/Pnv/vv3 | 300 | 258 | 15 | 0,945055 | 0,090000 | 300 | 256 | 15 | 0,944649 | 0,096667 | 300 | 148 | 133 | 0,526690 | 0,063333;
43 | 8P8CAQIB8/78APoA+fb18AD8Bf4A9vn7AAMFAvr9CAAG/gUBA/f8/Pz3/vX2+Pr4+/n9 | 300 | 267 | 11 | 0,960432 | 0,073333 | 300 | 263 | 13 | 0,952899 | 0,080000 | 300 | 118 | 23 | 0,836879 | 0,530000;
44 | /QD+BwP8+Pn96fwCAPT69QL8Bv4A9vn6AAMD/vr9AQACBQIBA/UA/vj/+AT69/37/vv3 | 300 | 266 | 13 | 0,953405 | 0,070000 | 300 | 264 | 11 | 0,960000 | 0,083333 | 300 | 121 | 139 | 0,465385 | 0,133333;
45 | /AL+/v4GA/z96foCAOv39QEBAAH99vj7AwX+Avz6BAAHAAL6A/UC//r3/vP19Pv29PUA | 300 | 268 | 19 | 0,933798 | 0,043333 | 300 | 271 | 14 | 0,950877 | 0,050000 | 300 | 1 | 177 | 0,005618 | 0,406667;
46 | AfcAA/7++/747wAFAvP49QH9BP4A8fz7AAMAAfr9CAAJ9wcBA/L4/Pz3/vX5+Pr4/fL8 | 300 | 274 | 15 | 0,948097 | 0,036667 | 300 | 276 | 17 | 0,941980 | 0,023333 | 300 | 166 | 118 | 0,584507 | 0,053333;
47 | 8P8CAQIB8/78APoA+fb58AD9Bf789vn7AAMFAvr//wACBf4BA/UC/v3+/vP39/v2+/X9 | 300 | 244 | 24 | 0,910448 | 0,106667 | 300 | 254 | 24 | 0,913669 | 0,073333 | 300 | 134 | 36 | 0,788235 | 0,433333;
48 | +vsB/gME8fn65fwJ7vP7+fkAAAH99vj7AwUBBfr9CAAB/wcDA/kB/vz4/fby9Pv29/X+ | 300 | 285 | 10 | 0,966102 | 0,016667 | 300 | 277 | 19 | 0,935811 | 0,013333 | 300 | 130 | 90 | 0,590909 | 0,266667;
49 | +wECAfv9+P735fwJ7vP7+fkAAAH99vj7AwUBBfr9CAAB/wcDA/n8/vz7/vP39/v29/X9 | 300 | 286 | 12 | 0,959732 | 0,006667 | 300 | 282 | 14 | 0,952703 | 0,013333 | 300 | 137 | 60 | 0,695431 | 0,343333;
50 | +/EB/gMD8fX65foJ7vb5+/oG/wD+9uz6Awj2/vr/AQACBgMA//sBAPX3/fP29/j3B/z/ | 300 | 247 | 30 | 0,891697 | 0,076667 | 300 | 259 | 21 | 0,925000 | 0,066667 | 300 | 63 | 82 | 0,434483 | 0,516667;
51 | Af4AAwME7f708QIFAvT39fj6BAX99vQC+/8BAvb8/gIIAP8CA/AB/vr+/vP17Pr49fQE | 300 | 260 | 38 | 0,872483 | 0,006667 | 300 | 250 | 44 | 0,850340 | 0,020000 | 300 | 233 | 67 | 0,776667 | 0,000000;
52 | 8QECAQD9/AH29AAFA/T1+AD9Bv/9/Pf/AAAFB/r4AQIEAv8C/fj7BP38+fX5+/v59fUC | 300 | 261 | 22 | 0,922261 | 0,056667 | 300 | 270 | 17 | 0,940767 | 0,043333 | 300 | 211 | 89 | 0,703333 | 0,000000;
53 | +wMDAPr99f707fsFBvT19f35BQH99vT7AP8FAvr7BAQC9f8CA/UC/vv+//P19fr19fX9 | 300 | 274 | 8 | 0,971631 | 0,060000 | 300 | 274 | 14 | 0,951389 | 0,040000 | 300 | 94 | 128 | 0,423423 | 0,260000;
54 | +wUCAfoB8fv5APUA+fv29QEFAAH29vz6AwX+Avz6AQIFAv8C/ff2/v3++AX49/b2+vQA | 300 | 266 | 15 | 0,946619 | 0,063333 | 300 | 282 | 15 | 0,949495 | 0,010000 | 300 | 253 | 40 | 0,863481 | 0,023333;
55 | +wUCAfr98fv5APUA+f349QH+BQP99vT/AP8FAvn6BAME9AQE9/b6/vz7/vL29Pv29vUA | 300 | 258 | 35 | 0,880546 | 0,023333 | 300 | 258 | 21 | 0,924731 | 0,070000 | 300 | 226 | 74 | 0,753333 | 0,000000;
56 | 7fwCAQIB8Pr3APAA+fr29f39CP3+9vT//wIIA/r9CAAJBQgBA/f+/vz7/vP2+fbz8/fx | 300 | 251 | 37 | 0,871528 | 0,040000 | 300 | 259 | 31 | 0,893103 | 0,033333 | 300 | 166 | 42 | 0,798077 | 0,306667;
57 | /gUCAPb48fj5+/n//P748v0B/P759vn7AwkAAvb7AAUIAgoBA/T8//v7/Pf3+fnx8/X9 | 300 | 283 | 11 | 0,962585 | 0,020000 | 300 | 274 | 12 | 0,958042 | 0,046667 | 300 | 247 | 14 | 0,946360 | 0,130000;
58 | +wEC/vr99f708fUA+fr29QECAPf6/PkCBQX+Avb6AQIDAgIBA/f8+fz7/vPz8fbz8/X7 | 300 | 274 | 12 | 0,958042 | 0,046667 | 300 | 280 | 10 | 0,965517 | 0,033333 | 300 | 227 | 49 | 0,822464 | 0,080000;
59 | 7/8C/QMB8QX18wb9/Or59f7/DQUA9/4B+wP9/fL6AQUEAggBA/f8/v73/vL19Pv49vUC | 300 | 219 | 63 | 0,776596 | 0,060000 | 300 | 219 | 64 | 0,773852 | 0,056667 | 300 | 117 | 106 | 0,524664 | 0,256667;
60 | 7/8C/QMB8QX18wb9/Or59f7/DQUA9/4B+wP9/fL6AQUEAggBA/f8/vz7+grx8fbz9/UA | 300 | 226 | 63 | 0,782007 | 0,036667 | 300 | 226 | 64 | 0,779310 | 0,033333 | 300 | 115 | 165 | 0,410714 | 0,066667;
61 | 7/8C/QMB8QX18wb9/Or59f7/DQUA9/4B+wP9/fL6AQUEAggBA/f8/v73+grx8fbz9PP2 | 300 | 222 | 60 | 0,787234 | 0,060000 | 300 | 219 | 65 | 0,771127 | 0,053333 | 300 | 103 | 175 | 0,370504 | 0,073333;
62 | 7/8C/QMF9QX18wb9/er58QD7A//98/j7/gb+//kBBwAI9wMB9/P2//jz+e3v8Pf38fEE | 300 | 274 | 8 | 0,971631 | 0,060000 | 300 | 269 | 19 | 0,934028 | 0,040000 | 300 | 96 | 173 | 0,356877 | 0,103333;
63 | +gECAvr99v708QD8+/T38QD7/gH98fj7/gb+Avj6AQIEAwgF+/f8/u/3+vPx7Pb39PUC | 300 | 265 | 18 | 0,936396 | 0,056667 | 300 | 262 | 14 | 0,949275 | 0,080000 | 300 | 108 | 62 | 0,635294 | 0,433333;
64 | 7/sC/QP8+/718QAC+er59QEC+wH59vz7BwUF/Pr6AQIEAggD+/f8/vz3/vP29fr39/X5 | 300 | 241 | 22 | 0,916350 | 0,123333 | 300 | 244 | 21 | 0,920755 | 0,116667 | 300 | 23 | 193 | 0,106481 | 0,280000;
65 | +AEC/Pr59f7w6vUB9f3y9f79CPf8/PkCBQMJ+vUEBgQK/wwIAfb5Af78+/P28fbz9Pf2 | 300 | 269 | 14 | 0,950530 | 0,056667 | 300 | 270 | 18 | 0,937500 | 0,040000 | 300 | 188 | 56 | 0,770492 | 0,186667;
66 | 9AEDAQIB7/ftAAAB+fb27gMBAAP9+fr/+wYR+fUACAQH/QkE9/f8/wH3+fPx8fj29e7/ | 300 | 252 | 15 | 0,943820 | 0,110000 | 300 | 263 | 13 | 0,952899 | 0,080000 | 300 | 219 | 27 | 0,890244 | 0,180000;
67 | +wACAP4E8QL18wYF/Ozy+f34CPX47e3/AQIIA/j5BQEHAQAFAvn6BP78APP28fbz8vf7 | 300 | 275 | 19 | 0,935374 | 0,020000 | 300 | 271 | 17 | 0,940972 | 0,040000 | 300 | 106 | 135 | 0,439834 | 0,196667;
68 | 7/8A/QMB8fvq9AX/9f3z9f79CPf8/PkEBQYK+vX9/wQLBAsB/vf6/fz7++/09fbz9fT/ | 300 | 268 | 29 | 0,902357 | 0,010000 | 300 | 262 | 29 | 0,900344 | 0,030000 | 300 | 170 | 60 | 0,739130 | 0,233333;
69 | 7wAC/vr/8QX1AAAB+fb27gMBAAH99vn/AAb/A/r8AgUEAggBA/n5+fnw9Pbx7fbz9PX9 | 300 | 265 | 20 | 0,929825 | 0,050000 | 300 | 268 | 17 | 0,940351 | 0,050000 | 300 | 236 | 59 | 0,800000 | 0,016667;
70 | 9AUDBAIB7/ntAAIF9/r4+wL5Bfz6+voEAgAK9v0EBgcM/gkDA/X5+f30+fD26/Hz9ffx | 300 | 238 | 54 | 0,815068 | 0,026667 | 300 | 230 | 56 | 0,804196 | 0,046667 | 300 | 214 | 82 | 0,722973 | 0,013333;
71 | +wP8/fv++f7z7QAD/vX07wYB+Pb9/PcCBQMJ+fUEBgL+AgIAAfX5/v73/u/09fbz8/Xq | 300 | 253 | 20 | 0,926740 | 0,090000 | 300 | 260 | 14 | 0,948905 | 0,086667 | 300 | 150 | 88 | 0,630252 | 0,206667;
72 | 7/sCAgMB8QX1AgQF+ev4//3/Bff+/PkB//4K/fL+AQYKCv8C/fcAAP32+/Tq8/jx8/Xs | 300 | 247 | 38 | 0,866667 | 0,050000 | 300 | 243 | 45 | 0,843750 | 0,040000 | 300 | 230 | 70 | 0,766667 | 0,000000;
73 | 9AUDAf8C7/ft/AIB9fvy9P4BCPf8//kHDQcK+fL7/v0IAgUC+AD89/3/AfT09vr4+fX9 | 300 | 251 | 44 | 0,850847 | 0,016667 | 300 | 254 | 41 | 0,861017 | 0,016667 | 300 | 162 | 89 | 0,645418 | 0,163333;
74 | +wME/QL87wLw8/4B9/3y9AH9AAL6+P74+wgK+fsBCQX+AgID/Oz8//78AAzz8vj17PL6 | 300 | 266 | 15 | 0,946619 | 0,063333 | 300 | 269 | 12 | 0,957295 | 0,063333 | 300 | 83 | 73 | 0,532051 | 0,480000;
75 | /v4E+vkB+wv19f3/9fry9Ab9+wT6+P749gMM/fUFAQwICfkC/Pr8/QD3/fP09fb07/X2 | 300 | 281 | 5 | 0,982517 | 0,046667 | 300 | 278 | 9 | 0,968641 | 0,043333 | 300 | 172 | 52 | 0,767857 | 0,253333;
76 | +wME/QL87wLwAgMH9ev4//v9Bff+/PkB/P4J/PL+AQYEDf8BAvf8/vz2/vP19fbz8/Xs | 300 | 236 | 52 | 0,819444 | 0,040000 | 300 | 230 | 55 | 0,807018 | 0,050000 | 300 | 216 | 82 | 0,724832 | 0,006667;
77 | +/8C/QIB7wX1AgMH9ev4//v9Bff+/PkB/P4J/PL+AQYEDf8BAvf8/gD2+vP19fbz8/X9 | 300 | 232 | 54 | 0,811189 | 0,046667 | 300 | 236 | 50 | 0,825175 | 0,046667 | 300 | 231 | 67 | 0,775168 | 0,006667;
78 | 9/4FAf4B7/rt/vwD/vb57PcB+wH99v0D/wf++vb6/wEEDf8CAvf8/vz2/vP19fbz8AD2 | 300 | 268 | 26 | 0,911565 | 0,020000 | 300 | 281 | 18 | 0,939799 | 0,003333 | 300 | 46 | 210 | 0,179688 | 0,146667;
79 | 8f8FAf4B7/rt/vwD/vb57PcB+wH99v0D/wf++vb6/wEEDf8CAvf8/vz2/vP19fbz8AD2 | 300 | 273 | 23 | 0,922297 | 0,013333 | 300 | 284 | 15 | 0,949833 | 0,003333 | 300 | 39 | 212 | 0,155378 | 0,163333;
80 | 7wECAf4B7+3t/vwD/vb57PcB+wH99v0D/wf++vb6/wEEDf8CAvf8/vz2/vP19fbx8fX5 | 300 | 273 | 18 | 0,938144 | 0,030000 | 300 | 279 | 13 | 0,955479 | 0,026667 | 300 | 42 | 224 | 0,157895 | 0,113333;
81 | /v4A+vb++g759vr/9/jw8QoA/wT6+QH69/8J+Pb6/wQEEf8BAvf8/wD2+u/19Pb16+/6 | 300 | 280 | 5 | 0,982456 | 0,050000 | 300 | 274 | 7 | 0,975089 | 0,063333 | 300 | 131 | 70 | 0,651741 | 0,330000;
82 | 6wcCA/4B8QX59vr/9/jw8QoA/wT6+QH69/8J+Pb6/wQEEf8BAvf8/wD2+u/19Pb16+/6 | 300 | 264 | 16 | 0,942857 | 0,066667 | 300 | 276 | 10 | 0,965035 | 0,046667 | 300 | 132 | 60 | 0,687500 | 0,360000;
83 | /vsD9vb++hD59vUB+vj39gYABfz69gEH/wcJ9vT7AQEEDf8C/Oz5+fz0/PD29fb17vL6 | 300 | 251 | 8 | 0,969112 | 0,136667 | 300 | 236 | 12 | 0,951613 | 0,173333 | 300 | 199 | 64 | 0,756654 | 0,123333;
84 | /v/9/QYF7//u+/wD/vPw9gn++wEB+v0D/wf+/fH6/QAGDP8CAvcA/vz2/vP19fjz8Pzz | 300 | 270 | 19 | 0,934256 | 0,036667 | 300 | 270 | 19 | 0,934256 | 0,036667 | 300 | 103 | 41 | 0,715278 | 0,520000;
85 | /gT+/f8B7wTq+/wC+vLw9wb/+wX+8f0F/gf++vb6/wEIDQH8Au78/AD8AAn19Pbz8fXm | 300 | 257 | 28 | 0,901754 | 0,050000 | 300 | 274 | 17 | 0,941581 | 0,030000 | 300 | 71 | 78 | 0,476510 | 0,503333;
86 | /gH4/QUF7wXt+PwD/O/29QAB//799vQD9gML9Pb6/wEEDf8BAPf8/Pf5+vX1+Pjz8v/2 | 300 | 254 | 18 | 0,933824 | 0,093333 | 300 | 258 | 13 | 0,952030 | 0,096667 | 300 | 129 | 93 | 0,581081 | 0,260000;
87 | /gH4/QUF7wXt+PwD/O/29QAB//799vQD9gML9Pb6/wEEEfoC/fwA/vf6/vPz8fj27gP6 | 300 | 261 | 17 | 0,938849 | 0,073333 | 300 | 270 | 16 | 0,944056 | 0,046667 | 300 | 129 | 123 | 0,511905 | 0,160000;
88 | /PsC/QL86vrtAf0F7PH4+v8B+wEB9v0D/wf+9vz6+AQHEP8F/ff8/wP0/vPz9fb28AP6 | 300 | 236 | 54 | 0,813793 | 0,033333 | 300 | 242 | 41 | 0,855124 | 0,056667 | 300 | 194 | 97 | 0,666667 | 0,030000;
89 | 9/8CAv8B6vrtAf0F7vL47gP9/gP99v0A/wcD9/b2/wEGCP/+AvX5+/r2/PPz9ff28/Ps | 300 | 275 | 19 | 0,935374 | 0,020000 | 300 | 273 | 23 | 0,922297 | 0,013333 | 300 | 237 | 45 | 0,840426 | 0,060000;
90 | 7wICA/4B7hD59vQC/fzy7PgB+v/6+vECAgcH9e39AQYBC/gF/fj6/fz2/vTy7/bz8PT5 | 300 | 279 | 18 | 0,939394 | 0,010000 | 300 | 279 | 16 | 0,945763 | 0,016667 | 300 | 219 | 71 | 0,755172 | 0,033333;
91 | /P0C/AIF6vn0Av8H9+v67gP9AQP99PwF/wAH9vz6+AEEB/0C/ff8+vz6A/b29fb18PXn | 300 | 263 | 18 | 0,935943 | 0,063333 | 300 | 263 | 21 | 0,926056 | 0,053333 | 300 | 199 | 101 | 0,663333 | 0,000000;
92 | /v799vH++hD58PgDAvf29QAB/wP69vv6Av4H/fv1/wQDEfcF/fr6/fzz+uv19PXz8fX5 | 300 | 262 | 19 | 0,932384 | 0,063333 | 300 | 279 | 10 | 0,965398 | 0,036667 | 300 | 163 | 135 | 0,546980 | 0,006667;
93 | +wAC/QL98v/z9/4H+Of46fcB//v7+OsE+gMI9O76/wMBDPYEAPf8/fz2/vby9fbx8PLr | 300 | 266 | 25 | 0,914089 | 0,030000 | 300 | 268 | 20 | 0,930556 | 0,040000 | 300 | 176 | 107 | 0,621908 | 0,056667;
94 | /P8C9/QP+AX58/gC//f49fQB9v76/PEEAgkC9vgABAYEDQb1APX6/AD29vP38Pfx8ADv | 300 | 271 | 20 | 0,931271 | 0,030000 | 300 | 257 | 35 | 0,880137 | 0,026667 | 300 | 226 | 55 | 0,804270 | 0,063333;
95 | +AYG+/MO+Af69v3/+P736PoE9P0I9vwD+wf++fb8/QIICP/39vf8//n0+vPw9Pfw8Pv3 | 300 | 264 | 25 | 0,913495 | 0,036667 | 300 | 266 | 21 | 0,926829 | 0,043333 | 300 | 65 | 84 | 0,436242 | 0,503333;
96 | /v799vH++hD57/gDAvr29foE9v0F9vwD/wf++fb7+wEBB/sBAPf8Af33/vP19ffz8fPq | 300 | 273 | 15 | 0,947917 | 0,040000 | 300 | 273 | 14 | 0,951220 | 0,043333 | 300 | 95 | 153 | 0,383065 | 0,173333;
97 | 7wIBAwMB8gX57/4H9+v48/z9/AP69vv6Av4H9fr7+wEBB/sDAPf8Af3x/vP19fbz8/Tn | 300 | 272 | 5 | 0,981949 | 0,076667 | 300 | 267 | 5 | 0,981618 | 0,093333 | 300 | 178 | 66 | 0,729508 | 0,186667;
98 | 8wIBAQMB8gX57wAH9+v48/3+/AP6+fv6Av4J9fr7+wEBB/sBBPX8Afv1/vP19ff36vPq | 300 | 266 | 13 | 0,953405 | 0,070000 | 300 | 280 | 8 | 0,972222 | 0,040000 | 300 | 130 | 114 | 0,532787 | 0,186667;
99 | +wD9/QD68QXt/P8J9fH66QX8+wj69fT1+wgC+vr6+wEEEf339fT6//z28vPz9vbz6/L5 | 300 | 249 | 32 | 0,886121 | 0,063333 | 300 | 244 | 34 | 0,877698 | 0,073333 | 300 | 185 | 66 | 0,737052 | 0,163333;
100 | +wD9+Pz57wz97PgGA/r18P4B/wH49vD6AgIH/Pv1/wQEFff49vf8+/n0+vP39fb16ur2 | 300 | 281 | 10 | 0,965636 | 0,030000 | 300 | 279 | 12 | 0,958763 | 0,030000 | 300 | 214 | 83 | 0,720539 | 0,010000;
101 | +wP99AIB8gX58/gC//f49fQB9gL6/PEEAgkC+vgA+gEHCAH3+PX7/AD29u/08P3x8gDq | 300 | 264 | 26 | 0,910345 | 0,033333 | 300 | 272 | 20 | 0,931507 | 0,026667 | 300 | 217 | 28 | 0,885714 | 0,183333;
102 | +wcBA/MQ+QL68vX//vPw8/oC+fz4+vAFAAMB9fgAAQYECgIC/O74Afn3+vP39fbw5+r2 | 300 | 248 | 38 | 0,867133 | 0,046667 | 300 | 260 | 28 | 0,902778 | 0,040000 | 300 | 182 | 9 | 0,952880 | 0,363333;
103 | +wP99QIB9Af57/4H/Ov47QH9Av729Pv4BP4E//vw/wMEFff48ff3+/n0+vP3+fb06uj3 | 300 | 269 | 10 | 0,964158 | 0,070000 | 300 | 264 | 25 | 0,913495 | 0,036667 | 300 | 188 | 112 | 0,626667 | 0,000000;
104 | 8P71B/v28Aj57/8H++v47QL9Av729Pr0A/0E//vw/wMCFff4+frz/vr39/X18vbs8+/6 | 300 | 269 | 17 | 0,940559 | 0,046667 | 300 | 268 | 18 | 0,937063 | 0,046667 | 300 | 165 | 135 | 0,550000 | 0,000000;
105 | +QD9/QH68QX57/4H/uf46wH5AgH49vD6AgIH/Pv1/wQEGff48vf8+fTu+vT39PPz5ur0 | 300 | 253 | 17 | 0,937037 | 0,100000 | 300 | 254 | 11 | 0,958491 | 0,116667 | 300 | 152 | 139 | 0,522337 | 0,030000;
106 | AP8A7/T/7vrt9f8J9fP75QX8+gj69fn0+wT//vv2AQEEEP4BAff4AfXz9ffz8ff08/D5 | 300 | 257 | 28 | 0,901754 | 0,050000 | 300 | 258 | 27 | 0,905263 | 0,050000 | 300 | 100 | 56 | 0,641026 | 0,480000;
107 | +AP99P/78Qn57wEH8u327v4FAAHz9PUD/wcBAPYC9wEBAQYDAPrzBf33/PH18Pby9PD2 | 300 | 274 | 15 | 0,948097 | 0,036667 | 300 | 272 | 19 | 0,934708 | 0,030000 | 300 | 107 | 138 | 0,436735 | 0,183333;
108 | 8gP99fcB8gj67v0K/v749/QB8wH28vYD/wcBAPb+9wEBAQYBAfP2BP3y/O/08Pfx8wDn | 300 | 279 | 14 | 0,952218 | 0,023333 | 300 | 275 | 20 | 0,932203 | 0,016667 | 300 | 220 | 27 | 0,890688 | 0,176667;
109 | 7wIB+PwK/AX69fgC/f7w9AMA9f8H8/AEAAj++/z/Av0BBvwI/fn6Af33/PTy8/bz9PT3 | 300 | 277 | 16 | 0,945392 | 0,023333 | 300 | 268 | 20 | 0,930556 | 0,040000 | 300 | 83 | 128 | 0,393365 | 0,296667;
110 | +wP59QL99Af57v4C++v27v4F9v0H8/ADAAv+/fb5+wEBAQb/APf6AP32/O/08Pf06/D/ | 300 | 283 | 7 | 0,975862 | 0,033333 | 300 | 273 | 13 | 0,954545 | 0,046667 | 300 | 80 | 38 | 0,677966 | 0,606667;
111 | 9gP98wYE9Af18/wG/+n17fwEAQP29PED+wcBAfAC+AEBBQb+Aff4AfL2+/j29Pf06ur0 | 300 | 281 | 19 | 0,936667 | 0,000000 | 300 | 275 | 21 | 0,929054 | 0,013333 | 300 | 46 | 118 | 0,280488 | 0,453333;
112 | AP8A9QIB8wz57/4H/Ov57foFAQH28vYD/wcBAPf++gEBAAP/+ff2APb37+/28Pfz7er0 | 300 | 286 | 11 | 0,962963 | 0,010000 | 300 | 279 | 16 | 0,945763 | 0,016667 | 300 | 22 | 228 | 0,088000 | 0,166667;
113 | 9gAE7/b/7gf67foB/Ov27f4IAQH28/IB+gcBAPX6+QEFBQP+/fP4AfP6+/H17PTy9PHr | 300 | 282 | 10 | 0,965753 | 0,026667 | 300 | 278 | 11 | 0,961938 | 0,036667 | 300 | 68 | 107 | 0,388571 | 0,416667;
114 | AAb98AAM+Ab36/oD/Oj77fYFAQH28vYD+gcCA/n09wIBAQYG+ff4Avb38e/08Pf06er2 | 300 | 279 | 18 | 0,939394 | 0,010000 | 300 | 278 | 21 | 0,929766 | 0,003333 | 300 | 47 | 224 | 0,173432 | 0,096667;
115 | +AP99P8B7An37/4H/Pvy9AEA9gz69fnw+Ab/+/MFAfwKBP8B+O/2APv29/Xx8/rw9Pb2 | 300 | 252 | 37 | 0,871972 | 0,036667 | 300 | 257 | 28 | 0,901754 | 0,050000 | 300 | 105 | 54 | 0,660377 | 0,470000;
116 | AAb98AAF+Ab37fcB/+n27f4IAQT88+0E/QcBAPX5+AEBBQP+/fL4AfL47vHz8PP16ur5 | 300 | 283 | 10 | 0,965870 | 0,023333 | 300 | 270 | 11 | 0,960854 | 0,063333 | 300 | 31 | 109 | 0,221429 | 0,533333;
117 | /QD97gL99wn26/sHAev87v4EAQDx7fYI9gcDAPb+9wEBAAoDAfD4Bfn6/O/58vrx6wH+ | 300 | 271 | 24 | 0,918644 | 0,016667 | 300 | 259 | 37 | 0,875000 | 0,013333 | 300 | 108 | 89 | 0,548223 | 0,343333;
118 | /QD98gH99wn26/gHAef87gEEAQDx7fMI9gcDAPb+9wEBAAoDAe/4Bfn4/PT17frz7vD6 | 300 | 256 | 38 | 0,870748 | 0,020000 | 300 | 265 | 23 | 0,920139 | 0,040000 | 300 | 123 | 104 | 0,541850 | 0,243333;
119 | /gD78/8C7AX37/4H/f7y8P4IBAT88/AE/QYB/vn09/8BAQYB+ff4/fb38+7x8/b09e/9 | 300 | 250 | 29 | 0,896057 | 0,070000 | 300 | 263 | 19 | 0,932624 | 0,060000 | 300 | 264 | 14 | 0,949640 | 0,073333;
120 | 9vv78/8C7AX37/4H/f7y8P4IBAT88/AE/QYB/vn09/8BAQYB+ff4/fb38+7x8/b09e/9 | 300 | 260 | 22 | 0,921986 | 0,060000 | 300 | 242 | 28 | 0,896296 | 0,100000 | 300 | 262 | 17 | 0,939068 | 0,070000;
121 | 9vv78/8F7AX37/4H/f7y8P4IBAT88/AE/QYBAvn09/sCAQYB+ff4/vbz8+7x8/b09vb2 | 300 | 239 | 39 | 0,859712 | 0,073333 | 300 | 250 | 29 | 0,896057 | 0,070000 | 300 | 251 | 27 | 0,902878 | 0,073333;
122 | /gD+BP4C7AP37/4H/f7y8P4IBAT88/AE/QYB/vn09/8BAQb7+fr4/fb38+7z8/bx9e79 | 300 | 242 | 41 | 0,855124 | 0,056667 | 300 | 247 | 31 | 0,888489 | 0,073333 | 300 | 256 | 18 | 0,934307 | 0,086667;
123 | Af/8/P4B8Az57/oGAP7u8/4IBAT88/EE/f8G+vX6+P39BQb4+ff4/fb38O7x8/bw9e/2 | 300 | 264 | 16 | 0,942857 | 0,066667 | 300 | 266 | 19 | 0,933333 | 0,050000 | 300 | 255 | 34 | 0,882353 | 0,036667;
124 | Afr8/AH/8BH67/UP/PXy9QEIAQL48vkE/QID/vYB9QQBBAoDAfDwCfn38+7y8Pfu6fDq | 300 | 234 | 18 | 0,928571 | 0,160000 | 300 | 230 | 16 | 0,934959 | 0,180000 | 300 | 133 | 135 | 0,496269 | 0,106667;
125 | /f/5+QH/7Ab57v8D++b37fwAAAL49PQA/vwBAPX6+vYB+wP89fXy/Pb38+/x7/b09er8 | 300 | 256 | 29 | 0,898246 | 0,050000 | 300 | 275 | 20 | 0,932203 | 0,016667 | 300 | 142 | 152 | 0,482993 | 0,020000;
126 | Af/8/AH/7Ab57v8D++b37fwAAAL49PQA/vwBAPX6+vYB+wP89fXy/Pb38+/x7/b09er8 | 300 | 256 | 31 | 0,891986 | 0,043333 | 300 | 259 | 30 | 0,896194 | 0,036667 | 300 | 142 | 150 | 0,486301 | 0,026667;
127 | /QD99gH/7Af57gIF/un47fwEBAT68+0E/QgFAfL09fwBAgQC+Pf3/fb38+7x7/b09e/9 | 300 | 265 | 27 | 0,907534 | 0,026667 | 300 | 261 | 31 | 0,893836 | 0,026667 | 300 | 2 | 275 | 0,007220 | 0,076667;
128 | 9gP8/Pz/8hP5+PYEBej35Pn9/QHv9PQF9Af5APAF+Qb5BAoDAfDwCPn38+718/bz9ez7 | 300 | 229 | 50 | 0,820789 | 0,070000 | 300 | 218 | 62 | 0,778571 | 0,066667 | 300 | 108 | 164 | 0,397059 | 0,093333;
129 | 7gD5/P3+7wz56wED+Or17v0IAQMD7+wB9g3+Afb++gEBABAH+PjwC/30+fXx8/b09e/5 | 300 | 252 | 23 | 0,916364 | 0,083333 | 300 | 258 | 18 | 0,934783 | 0,080000 | 300 | 57 | 111 | 0,339286 | 0,440000;
130 | Af/8/P3+7wz56wED+Or17v0IAQMD7+wB9g3+Afb++gEBABAH+PjwC/30+fXx8/b09e/5 | 300 | 252 | 28 | 0,900000 | 0,066667 | 300 | 257 | 26 | 0,908127 | 0,056667 | 300 | 61 | 106 | 0,365269 | 0,443333;
131 | /gD/9gH/6wj57P8D8+r37PkAAAH18ugD9g37APf++v0NAf8H+O/2BPv28/rw9/b08ffj | 300 | 260 | 27 | 0,905923 | 0,043333 | 300 | 264 | 26 | 0,910345 | 0,033333 | 300 | 70 | 152 | 0,315315 | 0,260000;
132 | /AAA9gT/6w/57AIF8+r78fwA/AL19PAH9goBAPf++v0LAf8F8e/2//j48+3v8/ny9e/6 | 300 | 251 | 35 | 0,877622 | 0,046667 | 300 | 246 | 44 | 0,848276 | 0,033333 | 300 | 95 | 156 | 0,378486 | 0,163333;
133 | 9PP++P0F8Az07v8D++b37vv8+AP48O0J+QcB/u4FB/0I9wYB+PD7APb37+737fXw9Pbl | 300 | 256 | 33 | 0,885813 | 0,036667 | 300 | 261 | 30 | 0,896907 | 0,030000 | 300 | 13 | 127 | 0,092857 | 0,533333;
134 | 9PP++P0F8Az07v8D++b37vv8+AP48O0J+QcB/u4FB/0I9wYB+PD7APb37+737fXw9Pbl | 300 | 268 | 24 | 0,917808 | 0,026667 | 300 | 270 | 22 | 0,924658 | 0,026667 | 300 | 13 | 116 | 0,100775 | 0,570000;
135 | 7wD57QD/7AT57gMJ++n37f4C9/34+PT8/Q38/e4FB/gL+gYB+ez4A/n0/PT07vn07v3l | 300 | 222 | 26 | 0,895161 | 0,173333 | 300 | 243 | 21 | 0,920455 | 0,120000 | 300 | 74 | 114 | 0,393617 | 0,373333;
136 | /f/9+P0F8Ar07v8D++b37f4C+/34+PT8/Q38/u4FB/0H+wYB+ez4A/n0/PT08/n07v3l | 300 | 260 | 20 | 0,928571 | 0,066667 | 300 | 260 | 19 | 0,931900 | 0,070000 | 300 | 93 | 44 | 0,678832 | 0,543333;
137 | /QD/9gH/6wz06/sDBOb37f0D/AL19PQH9gz+AOkCCf0H+wYB+ff4/fb38O7x7fXs9fbl | 300 | 266 | 29 | 0,901695 | 0,016667 | 300 | 263 | 27 | 0,906897 | 0,033333 | 300 | 106 | 142 | 0,427419 | 0,173333;
138 | 7fL6+P0G8Azy7/sDBOb37f4F+/319PQH8g/6/ukFCP0H+gYB+ff4/fbz8O3u8/jy9e/2 | 300 | 257 | 29 | 0,898601 | 0,046667 | 300 | 258 | 32 | 0,889655 | 0,033333 | 300 | 97 | 83 | 0,538889 | 0,400000;
139 | 9PP6+P0G8Azy7/sDBOb37f4F+/318vQH9gwBAO0CCf0H+wYB+ff4/fb37+7w8/jw9Pb2 | 300 | 272 | 18 | 0,937931 | 0,033333 | 300 | 262 | 31 | 0,894198 | 0,023333 | 300 | 97 | 103 | 0,485000 | 0,333333;
140 | 9PP++P0E7wX34vMH/+D39vkC/QLs9O0J+ggC/O709QAI/gUE+e/0Bfbz9e3z8/nz4QHj | 300 | 251 | 30 | 0,893238 | 0,063333 | 300 | 257 | 34 | 0,883162 | 0,030000 | 300 | 20 | 199 | 0,091324 | 0,270000;
141 | +/v5+f4I6wPz9P/6/uf18foA+gL08ucC/QgH+ukCCQAL+gYB+ff4/fby8O7t7/b19fD0 | 300 | 256 | 34 | 0,882759 | 0,033333 | 300 | 262 | 29 | 0,900344 | 0,030000 | 300 | 163 | 74 | 0,687764 | 0,210000;
142 | +P76+fz/8Azx7gj+++f17QAC/f/x8O8H/QQE/O7w9/0H/ggA+ez4A/X4+/Xs8Pv19e/6 | 300 | 254 | 30 | 0,894366 | 0,053333 | 300 | 256 | 26 | 0,907801 | 0,060000 | 300 | 108 | 129 | 0,455696 | 0,210000;
143 | +f/8+AH/7Az17gQA++fz8AAC/f/x9O0H/QQE/Oj09fgD/gUC+e/0B/bz8/Ly8/rs9uz4 | 300 | 255 | 34 | 0,882353 | 0,036667 | 300 | 254 | 33 | 0,885017 | 0,043333 | 300 | 142 | 97 | 0,594142 | 0,203333;
144 | +/b5+fkI6wPz9P/9/uPz8fkE+gL38uf7/A31/e4FBwAL+gYB+ff4/fb37/rt8/rx7v7p | 300 | 266 | 27 | 0,907850 | 0,023333 | 300 | 260 | 31 | 0,893471 | 0,030000 | 300 | 128 | 22 | 0,853333 | 0,500000;
145 | +/v6+f4I6wPz9P/9/uPz8fkE+gL38uf7/A31/e4FBwAL+gYB+ff4/fb37+7y8/rw8egA | 300 | 284 | 10 | 0,965986 | 0,020000 | 300 | 269 | 23 | 0,921233 | 0,026667 | 300 | 76 | 17 | 0,817204 | 0,690000;
146 | /f76+fwI6wPu9/z6/efx8foA/QL08ucC/QgH/ukGCQIL9gQC+ff2/fb9/O736vnr9/b+ | 300 | 275 | 21 | 0,929054 | 0,013333 | 300 | 269 | 21 | 0,927586 | 0,033333 | 300 | 147 | 42 | 0,777778 | 0,370000;
147 | /fH+9v0G9Avy9vkD++T07PkA/AcB8/n7/AwE+fDvBv0H+wYH+en4A/X0+/707fXw8/Tj | 300 | 242 | 17 | 0,934363 | 0,136667 | 300 | 250 | 21 | 0,922509 | 0,096667 | 300 | 174 | 3 | 0,983051 | 0,410000;
148 | +f76+QAI6wPu9/z6/efx8foA/gL08uf9/QgD/ukGCf0FBfwF9O/z//H38O7x8/rv9vP4 | 300 | 272 | 9 | 0,967972 | 0,063333 | 300 | 275 | 11 | 0,961538 | 0,046667 | 300 | 113 | 79 | 0,588542 | 0,360000;
149 | +v76+/gN8Azu9/76/efx8foA/gL08uf9/QgD/ukGCf0FBfwF9O/z//H38O7x8/rv9vP4 | 300 | 260 | 18 | 0,935252 | 0,073333 | 300 | 258 | 26 | 0,908451 | 0,053333 | 300 | 94 | 119 | 0,441315 | 0,290000;
150 | +/b5+/kM6/7z/fACAOPq8vkE+Pz4+PP5AQr1/+4FA/gH+wb+9O37BfX57+3t7/Tq5/bl | 300 | 253 | 29 | 0,897163 | 0,060000 | 300 | 267 | 17 | 0,940141 | 0,053333 | 300 | 116 | 137 | 0,458498 | 0,156667;
151 | 8fP2/P0I8Ajy/fAC/Obq8v0E9vz4+Pb2AQf6++4FAvkI+wX+9O74A/X78/D15fnr9/b+ | 300 | 228 | 21 | 0,915663 | 0,170000 | 300 | 235 | 21 | 0,917969 | 0,146667 | 300 | 75 | 11 | 0,872093 | 0,713333;
152 | +Pf0+PoJ7g3y/vkD++T07PkA/AcB8/n7/AwE+fDvBvkH+wb+9O34A/X4+/rt8/ru7e/4 | 300 | 255 | 16 | 0,940959 | 0,096667 | 300 | 240 | 18 | 0,930233 | 0,140000 | 300 | 189 | 5 | 0,974227 | 0,353333;
153 | 8/f0+PoJ7g3y+fACBOnv6/kB/AP98/H+/QkH9+kGCQAL/ggB9/P4BO348fLr7vvs9vbh | 300 | 248 | 38 | 0,867133 | 0,046667 | 300 | 254 | 24 | 0,913669 | 0,073333 | 300 | 78 | 158 | 0,330508 | 0,213333;
154 | +Pf0+PoK7QPu9vwJ+OT07PkAAAcA8/n7AAwE+e3vC/0BBwAA+PL4//P38O3u8fvu+u77 | 300 | 267 | 12 | 0,956989 | 0,070000 | 300 | 268 | 13 | 0,953737 | 0,063333 | 300 | 175 | 56 | 0,757576 | 0,230000;
155 | +Pb19gD97Azq+fACBOTr7Pn+AAP98/X+/Aj/9OzsBf0P/gYB+/D4A/X69PPy8/7y8+/5 | 300 | 243 | 21 | 0,920455 | 0,120000 | 300 | 250 | 20 | 0,925926 | 0,100000 | 300 | 108 | 157 | 0,407547 | 0,116667;
156 | 6gD++v8C7QPu9vwJ+OT06vwA/gL08uf5/QoH/ukFCf0I+wj89/fs/u/y7+3t7/Tx9vXh | 300 | 271 | 23 | 0,921769 | 0,020000 | 300 | 271 | 18 | 0,937716 | 0,036667 | 300 | 153 | 53 | 0,742718 | 0,313333;
157 | +ff0+fwK7APu9vwJ/eT06vkA/gL08uf5/QgH/ukDCf0F+QP89vfv/u/y8O/t7/Tu5/Lf | 300 | 253 | 21 | 0,923358 | 0,086667 | 300 | 262 | 21 | 0,925795 | 0,056667 | 300 | 132 | 50 | 0,725275 | 0,393333;
158 | 9/7z+PwK7APu9vwJ/eT06vkA/gL08uf5/QgH/ukDCf0F+wf+9PL0/e/y8Ort7/Tu5/Lh | 300 | 268 | 17 | 0,940351 | 0,050000 | 300 | 265 | 18 | 0,936396 | 0,056667 | 300 | 111 | 61 | 0,645349 | 0,426667;
159 | +gD5+vwK7APu9vwJ++j16vn6/v718ef5/QgH+fDvBv8L9wYD+enzA/L07e3o7/Tq6AHp | 300 | 240 | 33 | 0,879121 | 0,090000 | 300 | 243 | 29 | 0,893382 | 0,093333 | 300 | 65 | 66 | 0,496183 | 0,563333;
160 | 9v/++PoI8Ant9vAA+un08PYCAAAB9vH3/AcEAOLqBv8B/gYF9On4A/D06+fo7/Tu5/Li | 300 | 277 | 9 | 0,968531 | 0,046667 | 300 | 274 | 11 | 0,961404 | 0,050000 | 300 | 115 | 68 | 0,628415 | 0,390000;
161 | +vX3+PwL8Ary8fAD/uj07PsEAP/98P36CAME/PDxCfwP+wcB9PL1+u3v9PPt7/Ly9/b5 | 300 | 279 | 14 | 0,952218 | 0,023333 | 300 | 279 | 17 | 0,942568 | 0,013333 | 300 | 146 | 143 | 0,505190 | 0,036667;
162 | +fEC9vkK8grx7/AE/+Xq7PkA+AcC9/H++Qj89fDvBv0F+QH89vfv+/Hy8Ozt7/Du5/Hc | 300 | 259 | 16 | 0,941818 | 0,083333 | 300 | 261 | 16 | 0,942238 | 0,076667 | 300 | 24 | 76 | 0,240000 | 0,666667;
163 | 9PH8+v8C7Qvv++z/9uzx7vYCBPcB7vH8AAwE+fDvBv8J/gAB+PX4/uv88evu6frr8un4 | 300 | 244 | 18 | 0,931298 | 0,126667 | 300 | 261 | 8 | 0,970260 | 0,103333 | 300 | 127 | 65 | 0,661458 | 0,360000;
164 | 9vn0+/YN7QTu8fwJ/ef26vr3AwLz8uf5AQUH/OkDCfgF+QH/8/br9/Hy8PHo5fTr6Pjc | 300 | 290 | 8 | 0,973154 | 0,006667 | 300 | 289 | 5 | 0,982993 | 0,020000 | 300 | 176 | 87 | 0,669202 | 0,123333;
165 | +Pv/9v4K7QTo++769ers8vf5BPwD7fP3AAoI/usGBgAF9wH8/e35A/X88Ozt7/Dv5/T9 | 300 | 247 | 23 | 0,914815 | 0,100000 | 300 | 255 | 15 | 0,944444 | 0,100000 | 300 | 223 | 19 | 0,921488 | 0,193333;
166 | +Pz89P785Q7u8fwE/+b06vkAAv308ub9/QAHAOUFCf0F+AP89vfv/vHv8O/o8fTm5+7f | 300 | 259 | 23 | 0,918440 | 0,060000 | 300 | 258 | 14 | 0,948529 | 0,093333 | 300 | 196 | 95 | 0,673540 | 0,030000;
167 | 8v359/8B7Qfo++z69ers8Pf5/gb08ub5/f0HA+kDCf0C+Qbw9vfv/uz07Ovt7PTx7e3f | 300 | 279 | 13 | 0,955479 | 0,026667 | 300 | 265 | 16 | 0,943060 | 0,063333 | 300 | 246 | 45 | 0,845361 | 0,030000;
168 | 8v359/8B7QTk++z59erp8Pf4/gLy9Oj5/foHAesDDPwF+QT69vLx9O/q9vTx7fTr4+7h | 300 | 262 | 27 | 0,906574 | 0,036667 | 300 | 256 | 30 | 0,895105 | 0,046667 | 300 | 114 | 171 | 0,400000 | 0,050000;
169 | 8v359/8B7QTk++z69ers6vv2AwL06ub5/vwHAOkABf0F9AEK9+n4A/X06+jn7fXk5+nf | 300 | 268 | 15 | 0,946996 | 0,056667 | 300 | 273 | 11 | 0,961268 | 0,053333 | 300 | 201 | 35 | 0,851695 | 0,213333;
170 | 8v379//87QTo+/D99ers8PT0/gLz8ub5Af8H/ukDDP0F+QP89vLy/u/x8PPt7/fu6Pzf | 300 | 275 | 17 | 0,941781 | 0,026667 | 300 | 277 | 16 | 0,945392 | 0,023333 | 300 | 200 | 70 | 0,740741 | 0,100000;
171 | 9vbx+/YQ8wry8fsJAOT06v0AAvr48uj9/QAH++UFBf0J9QP79vfwAvL06vHr7fTr9fPf | 300 | 252 | 25 | 0,909747 | 0,076667 | 300 | 253 | 21 | 0,923358 | 0,086667 | 300 | 205 | 95 | 0,683333 | 0,000000;
172 | /PH99P8B7ATu8vwJAOr06v38Avr18uj8+gMHAO0HCwEF+QgB7vbv+/H49Pbr7fLn4+7h | 300 | 246 | 22 | 0,917910 | 0,106667 | 300 | 251 | 17 | 0,936567 | 0,106667 | 300 | 171 | 123 | 0,581633 | 0,020000;
173 | 9Pz1+fgK7gTu8vwJAOb06v38Av319ej8+gMHAO0HCwEF+QgB7vbv+/H48PHr7fLn4+7h | 300 | 256 | 12 | 0,955224 | 0,106667 | 300 | 260 | 11 | 0,959410 | 0,096667 | 300 | 155 | 144 | 0,518395 | 0,003333;
174 | 8v359/8B7QTx++z29eXx6vnxAvrw7ez5/vsHA+oDAf0F+Qbw9vfu+/D28Prt7/f08e/f | 300 | 231 | 53 | 0,813380 | 0,053333 | 300 | 232 | 60 | 0,794521 | 0,026667 | 300 | 189 | 105 | 0,642857 | 0,020000;
175 | 8v359/8B7QTx++j29ePx8PfwBPz08eX5A/4HBNz/CQEG/gL5+Pb3+fLy8PPt7/Xu4Pzd | 300 | 247 | 40 | 0,860627 | 0,043333 | 300 | 241 | 51 | 0,825342 | 0,026667 | 300 | 192 | 101 | 0,655290 | 0,023333;
176 | 8v359/sB6QTx++jz+ePx8PfwBPz08eb3A/4HBNz/Cf0G/gP+9vfw8+/48fLk6PTo5+/h | 300 | 256 | 38 | 0,870748 | 0,020000 | 300 | 258 | 31 | 0,892734 | 0,036667 | 300 | 210 | 90 | 0,700000 | 0,000000;
177 | 7/367fv/5wTx++/7/ej26vnsAvr18uv8+gAH++UFCf0G8gP/9vfz+PDy8Ovt7PTu9vDf | 300 | 249 | 23 | 0,915441 | 0,093333 | 300 | 236 | 30 | 0,887218 | 0,113333 | 300 | 165 | 108 | 0,604396 | 0,090000;
178 | 7/368v8B6QTx++/7/ej26vbxAvr18+j8+gAH+eUFCf4G/gby7/ny+e787Pfr7e/u7fH7 | 300 | 246 | 42 | 0,854167 | 0,040000 | 300 | 245 | 45 | 0,844828 | 0,033333 | 300 | 197 | 74 | 0,726937 | 0,096667;
179 | 9vnt8/sB4Qju++z7/ej06vvxAvrx7eb5+/4ABOoD/AEF9QL88e7uAfP28/Xr7fLu6u/f | 300 | 261 | 25 | 0,912587 | 0,046667 | 300 | 255 | 28 | 0,901060 | 0,056667 | 300 | 213 | 46 | 0,822394 | 0,136667;
180 | 7gD79/8B6QTxAev7++f26vj2/wLw7ev8/gAJ9+cFDP0G/AgB8fPv++748/fr7ffu5vPi | 300 | 266 | 15 | 0,946619 | 0,063333 | 300 | 281 | 7 | 0,975694 | 0,040000 | 300 | 174 | 57 | 0,753247 | 0,230000;
181 | 8v39+/YU8gTo+e/79e/p7PL0AwL26Oz8+f0DBucH/fkB+vv79vHz//H58PPr7ezk4+7d | 300 | 274 | 11 | 0,961404 | 0,050000 | 300 | 266 | 19 | 0,933333 | 0,050000 | 300 | 209 | 63 | 0,768382 | 0,093333;
182 | 9Pj66QMA6Qjx7PD29OLt7Pzx/vz47OX9AwIHA+oDAfsG+/n69u3y/O788fbu7+/r6v7m | 300 | 234 | 38 | 0,860294 | 0,093333 | 300 | 247 | 25 | 0,908088 | 0,093333 | 300 | 109 | 119 | 0,478070 | 0,240000;
183 | 8v0D+/YU8gTu7O779ePx5vzxAwLu6Oz8+fsDBuoH/f0B+vv79vHz//H58PPr7ezn7vnj | 300 | 284 | 9 | 0,969283 | 0,023333 | 300 | 276 | 8 | 0,971831 | 0,053333 | 300 | 108 | 54 | 0,666667 | 0,460000;
184 | 8v359/oA6QLo7O758ePx5vzx/wLu6Oz8+fsDBuoH/f0B+vv79vHz//H58PPr7ezn7vnj | 300 | 283 | 8 | 0,972509 | 0,030000 | 300 | 281 | 10 | 0,965636 | 0,030000 | 300 | 187 | 32 | 0,853881 | 0,270000;
185 | 6//28PsA7wTq+fL+9fDp7PvxAwL07eX5A/kL++UDAf0I+Qbw8fL3/u3x7vnn6vHp6+vf | 300 | 272 | 14 | 0,951049 | 0,046667 | 300 | 272 | 17 | 0,941176 | 0,036667 | 300 | 227 | 73 | 0,756667 | 0,000000;